L<1>
P<FIRST>
0(0,0)
0(36,0)
0(72,0)
0(108,0)
0(144,0)
0(180,0)
0(216,0)
0(252,0)
0(288,0)
0(324,0)
0(360,0)
0(396,0)
0(432,0)
0(468,0)
0(504,0)
0(540,0)
0(576,0)
0(612,0)
0(648,0)
0(684,0)
0(684,36)
0(684,72)
0(684,108)
0(684,144)
0(684,180)
0(684,216)
0(684,252)
0(684,288)
0(684,324)
0(684,360)
0(684,396)
0(684,432)
0(684,468)
0(684,504)
0(684,540)
0(684,576)
0(684,612)
0(684,648)
0(684,684)
0(648,684)
0(612,684)
0(576,684)
0(540,684)
0(504,684)
0(468,684)
0(432,684)
0(396,684)
0(360,684)
0(324,684)
0(288,684)
0(252,684)
0(216,684)
0(180,684)
0(144,684)
0(108,684)
0(72,684)
0(36,684)
0(0,684)
0(0,648)
0(0,612)
0(0,576)
0(0,540)
0(0,504)
0(0,468)
0(0,432)
0(0,396)
0(0,360)
0(0,324)
0(0,288)
0(0,252)
0(0,216)
0(0,180)
0(0,144)
0(0,108)
0(0,72)
0(0,36)
0(72,612)
0(108,576)
0(144,540)
0(180,504)
0(216,468)
0(612,612)
0(576,576)
0(540,540)
0(504,504)
0(468,468)
0(252,468)
0(288,468)
0(324,468)
0(360,468)
0(396,468)
0(432,468)
0(72,72)
0(108,108)
0(144,144)
0(180,180)
0(216,216)
0(252,216)
0(288,216)
0(324,216)
0(360,216)
0(396,216)
0(432,216)
0(468,216)
0(504,180)
0(540,144)
0(576,108)
0(612,72)
0(252,396)
0(252,360)
0(252,324)
0(252,288)
0(324,288)
0(360,288)
0(396,288)
0(432,288)
0(432,324)
0(432,360)
0(432,396)
0(396,396)
0(360,396)
0(324,396)
0(108,396)
0(108,360)
0(108,324)
0(108,288)
0(108,252)
0(108,216)
0(108,432)
0(108,468)
0(576,468)
0(576,432)
0(576,396)
0(576,360)
0(576,324)
0(576,288)
0(576,252)
0(576,216)
0(252,108)
0(288,108)
0(324,108)
0(360,108)
0(396,108)
0(432,108)
0(288,72)
0(324,72)
0(360,72)
0(396,72)
0(324,144)
0(360,144)
0(324,540)
0(360,540)
0(324,576)
0(360,576)
0(396,576)
0(432,576)
0(288,576)
0(252,576)
0(288,612)
0(324,612)
0(360,612)
0(396,612)
1(36,36)
3(396,324)
2(288,288)
2(72,216)
2(72,252)
2(72,288)
2(72,324)
2(72,360)
2(72,396)
2(72,432)
2(72,468)
2(72,504)
2(108,504)
2(144,504)
2(144,468)
2(144,432)
2(144,396)
2(144,360)
2(144,324)
2(144,288)
2(144,252)
2(144,216)
2(144,180)
2(108,180)
2(72,180)
2(576,504)
2(540,504)
2(540,468)
2(540,432)
2(540,396)
2(540,360)
2(540,324)
2(540,288)
2(540,252)
2(540,216)
2(540,180)
2(576,180)
2(612,180)
2(612,216)
2(612,252)
2(612,288)
2(612,324)
2(612,360)
2(612,396)
2(612,432)
2(612,468)
2(612,504)
2(108,612)
2(144,612)
2(144,576)
2(180,576)
2(180,540)
2(216,540)
2(216,504)
2(252,504)
2(288,504)
2(324,504)
2(360,504)
2(396,504)
2(432,504)
2(468,504)
2(468,540)
2(504,540)
2(504,576)
2(540,576)
2(540,612)
2(576,612)
2(504,612)
2(468,612)
2(468,576)
2(432,612)
2(432,540)
2(396,540)
2(288,540)
2(252,540)
2(252,612)
2(216,612)
2(180,612)
2(216,576)
2(108,72)
2(144,72)
2(180,72)
2(216,72)
2(252,72)
2(216,108)
2(180,108)
2(144,108)
2(180,144)
2(216,144)
2(252,144)
2(288,144)
2(288,180)
2(252,180)
2(216,180)
2(324,180)
2(360,180)
2(396,180)
2(432,180)
2(468,180)
2(432,144)
2(396,144)
2(468,144)
2(504,144)
2(504,108)
2(468,108)
2(468,72)
2(432,72)
2(504,72)
2(540,72)
2(576,72)
2(540,108)
2(288,324)
2(288,360)
2(288,396)
2(324,360)
2(360,360)
2(396,360)
2(360,324)
2(324,324)
