L<10>
P<10>
0(0,0)
0(0,36)
0(0,72)
0(0,108)
0(0,144)
0(0,180)
0(0,216)
0(0,252)
0(0,288)
0(0,324)
0(0,360)
0(0,396)
0(0,432)
0(0,468)
0(0,504)
0(0,540)
0(0,576)
0(0,612)
0(0,648)
0(0,684)
0(36,0)
0(36,684)
0(72,0)
0(72,684)
0(108,0)
0(108,684)
0(144,0)
0(144,684)
0(180,0)
0(180,684)
0(216,0)
0(216,684)
0(252,0)
0(252,684)
0(288,0)
0(288,684)
0(324,0)
0(324,684)
0(360,0)
0(360,684)
0(396,0)
0(396,684)
0(432,0)
0(432,684)
0(468,0)
0(468,684)
0(504,0)
0(504,684)
0(540,0)
0(540,684)
0(576,0)
0(576,684)
0(612,0)
0(612,684)
0(648,0)
0(648,684)
0(684,0)
0(684,36)
0(684,72)
0(684,108)
0(684,144)
0(684,180)
0(684,216)
0(684,252)
0(684,288)
0(684,324)
0(684,360)
0(684,396)
0(684,432)
0(684,468)
0(684,504)
0(684,540)
0(684,576)
0(684,612)
0(684,684)
3(684,648)
1(36,648)
0(108,540)
0(144,540)
0(180,540)
0(216,540)
0(252,540)
0(288,540)
0(324,540)
0(360,540)
0(396,540)
0(432,540)
0(468,540)
0(504,540)
0(540,540)
0(576,540)
0(108,396)
0(108,432)
0(108,468)
0(108,504)
0(576,396)
0(576,432)
0(576,468)
0(576,504)
0(108,72)
0(108,108)
0(108,144)
0(108,180)
0(108,216)
0(108,252)
0(108,288)
0(576,72)
0(576,108)
0(576,144)
0(576,180)
0(576,216)
0(576,252)
0(576,288)
0(576,324)
0(576,360)
0(108,36)
0(144,36)
0(180,36)
0(216,36)
0(252,36)
0(288,36)
0(324,36)
0(360,36)
0(396,36)
0(432,36)
0(468,36)
0(504,36)
0(540,36)
0(576,36)
0(216,144)
0(216,180)
0(216,216)
0(216,252)
0(252,144)
0(288,144)
0(360,144)
0(396,144)
0(432,144)
0(468,144)
0(504,144)
0(504,180)
0(504,216)
0(504,252)
0(396,216)
0(396,252)
0(396,288)
0(396,324)
0(216,432)
0(252,432)
0(288,432)
0(324,432)
0(360,432)
0(396,432)
0(432,432)
0(468,432)
0(504,432)
0(252,324)
0(288,324)
0(252,360)
0(288,360)
0(468,324)
0(468,360)
0(288,216)
0(324,216)
0(288,252)
0(324,252)
0(144,72)
0(144,108)
0(144,144)
0(144,504)
0(180,504)
0(216,504)
0(468,504)
0(504,504)
0(540,504)
5(252,180)
5(288,180)
5(324,180)
5(360,180)
5(396,180)
5(432,180)
5(468,180)
5(252,216)
5(360,216)
5(432,216)
5(468,216)
5(252,252)
5(360,252)
5(432,252)
5(468,252)
5(216,288)
5(252,288)
5(288,288)
5(324,288)
5(360,288)
5(432,288)
5(468,288)
5(216,324)
5(324,324)
5(360,324)
5(432,324)
5(216,360)
5(324,360)
5(360,360)
5(396,360)
5(432,360)
5(216,396)
5(252,396)
5(288,396)
5(324,396)
5(360,396)
5(396,396)
5(432,396)
5(468,396)
0(180,252)
0(180,432)
2(180,72)
2(216,72)
2(252,72)
2(288,72)
2(324,72)
2(360,72)
2(396,72)
2(432,72)
2(468,72)
2(504,72)
2(540,72)
2(252,504)
2(288,504)
2(324,504)
2(360,504)
2(396,504)
2(432,504)
2(144,180)
2(180,180)
2(144,216)
2(180,216)
