L<11>
P<SHIT>
0(0,0)
0(0,36)
0(0,72)
0(0,108)
0(0,144)
0(0,180)
0(0,216)
0(0,252)
0(0,288)
0(0,324)
0(0,360)
0(0,396)
0(0,432)
0(0,468)
0(0,504)
0(0,540)
0(0,576)
0(0,612)
0(0,648)
0(0,684)
0(36,0)
0(36,684)
0(72,0)
0(72,684)
0(108,0)
0(108,684)
0(144,0)
0(144,684)
0(180,0)
0(180,684)
0(216,0)
0(216,684)
0(252,0)
0(252,684)
0(288,0)
0(288,684)
0(324,0)
0(360,0)
0(360,684)
0(396,0)
0(396,684)
0(432,0)
0(432,684)
0(468,0)
0(468,684)
0(504,0)
0(504,684)
0(540,0)
0(540,684)
0(576,0)
0(576,684)
0(612,0)
0(612,684)
0(648,0)
0(648,684)
0(684,0)
0(684,36)
0(684,72)
0(684,108)
0(684,144)
0(684,180)
0(684,216)
0(684,252)
0(684,288)
0(684,324)
0(684,360)
0(684,396)
0(684,432)
0(684,468)
0(684,504)
0(684,540)
0(684,576)
0(684,612)
0(684,648)
0(684,684)
1(324,324)
0(360,396)
0(396,396)
0(396,360)
0(396,288)
0(396,252)
0(360,252)
0(288,252)
0(252,252)
0(252,288)
0(252,360)
0(252,396)
0(288,396)
5(288,360)
5(360,360)
5(360,288)
5(288,288)
0(324,468)
0(324,504)
0(324,540)
0(324,576)
0(468,324)
0(504,324)
0(540,324)
0(576,324)
0(324,180)
0(324,144)
0(324,108)
0(324,72)
0(180,324)
0(144,324)
0(108,324)
0(72,324)
0(648,36)
0(648,72)
0(648,108)
0(648,144)
0(648,180)
0(648,216)
0(648,252)
0(648,288)
0(648,324)
0(648,360)
0(648,396)
0(648,432)
0(648,468)
0(648,504)
0(648,540)
0(648,576)
0(648,612)
0(648,648)
0(468,252)
0(504,252)
0(576,252)
0(576,216)
0(576,180)
0(540,180)
0(504,108)
0(468,108)
0(468,144)
0(468,180)
0(468,216)
0(576,144)
0(576,108)
0(396,468)
0(396,504)
0(396,576)
0(432,576)
0(468,576)
0(504,576)
0(432,468)
0(468,468)
0(504,468)
0(540,468)
0(468,540)
0(540,576)
0(540,504)
0(180,396)
0(144,396)
0(72,396)
0(180,432)
0(180,468)
0(180,504)
0(180,540)
0(144,540)
0(72,540)
0(72,504)
0(72,468)
0(72,432)
0(108,468)
0(252,180)
0(252,144)
0(252,72)
0(216,180)
0(180,180)
0(144,180)
0(108,180)
0(108,72)
0(144,72)
0(180,72)
0(216,72)
0(180,108)
0(108,144)
2(540,252)
2(540,216)
2(504,216)
2(504,180)
2(504,144)
2(540,144)
2(540,108)
2(216,144)
2(216,108)
2(252,108)
2(180,144)
2(144,144)
2(144,108)
2(108,108)
2(108,396)
2(108,432)
2(144,432)
2(144,468)
2(144,504)
2(108,504)
2(108,540)
2(396,540)
2(432,540)
2(432,504)
2(468,504)
2(504,504)
2(504,540)
2(540,540)
0(396,108)
0(396,180)
0(468,396)
0(540,396)
0(252,468)
0(252,540)
0(180,252)
0(108,252)
5(504,396)
5(396,144)
5(144,252)
5(252,504)
0(72,648)
0(108,648)
0(144,648)
0(180,648)
0(216,648)
0(252,648)
0(288,648)
0(360,648)
0(396,648)
0(432,648)
0(468,648)
0(504,648)
0(540,648)
0(576,648)
0(612,648)
2(36,540)
2(36,468)
2(36,396)
2(36,324)
2(36,252)
2(36,180)
2(36,108)
2(36,36)
2(108,36)
2(180,36)
2(252,36)
2(324,36)
2(396,36)
2(468,36)
2(540,36)
2(612,36)
2(612,108)
2(612,180)
2(612,252)
2(612,324)
2(612,396)
2(612,468)
2(612,540)
2(612,612)
2(540,612)
2(468,612)
2(396,612)
2(324,612)
2(252,612)
2(180,612)
2(108,612)
5(72,612)
5(36,576)
5(36,504)
5(36,432)
5(36,360)
5(36,288)
5(36,216)
5(36,144)
5(36,72)
5(72,36)
5(144,36)
5(216,36)
5(288,36)
5(360,36)
5(432,36)
5(504,36)
5(576,36)
5(612,72)
5(612,144)
5(612,216)
5(612,288)
5(612,360)
5(612,432)
5(612,504)
5(612,576)
5(576,612)
5(504,612)
5(432,612)
5(360,612)
5(288,612)
5(216,612)
5(144,612)
2(216,468)
2(216,540)
2(216,504)
2(288,468)
2(288,504)
2(288,540)
2(468,432)
2(504,432)
2(540,432)
2(540,360)
2(504,360)
2(468,360)
2(432,180)
2(432,144)
2(432,108)
2(360,108)
2(360,144)
2(360,180)
2(108,216)
2(144,216)
2(180,216)
2(180,288)
2(144,288)
2(108,288)
2(288,324)
2(324,288)
2(324,360)
2(360,324)
3(324,684)
2(36,612)
0(36,648)
