L<12>
P<12>
0(0,0)
0(0,36)
0(0,72)
0(0,108)
0(0,144)
0(0,180)
0(0,216)
0(0,252)
0(0,288)
0(0,324)
0(0,360)
0(0,396)
0(0,432)
0(0,468)
0(0,504)
0(0,540)
0(0,576)
0(0,612)
0(0,648)
0(0,684)
0(36,0)
0(36,684)
0(72,0)
0(72,684)
0(108,0)
0(108,684)
0(144,0)
0(144,684)
0(180,0)
0(180,684)
0(216,0)
0(216,684)
0(252,0)
0(252,684)
0(288,0)
0(288,684)
0(324,0)
0(324,684)
0(360,0)
0(360,684)
0(396,0)
0(396,684)
0(432,0)
0(432,684)
0(468,0)
0(468,684)
0(504,0)
0(504,684)
0(540,0)
0(540,684)
0(576,0)
0(576,684)
0(612,0)
0(612,684)
0(648,0)
0(648,684)
0(684,0)
0(684,36)
0(684,72)
0(684,108)
0(684,144)
0(684,180)
0(684,216)
0(684,252)
0(684,288)
0(684,324)
0(684,360)
0(684,396)
0(684,432)
0(684,468)
0(684,504)
0(684,540)
0(684,576)
0(684,612)
0(684,648)
0(684,684)
1(36,36)
3(72,36)
5(36,144)
5(72,144)
5(108,144)
5(36,180)
5(72,180)
5(108,180)
