L<2>
P<SECOND>
0(0,0)
0(36,0)
0(72,0)
0(108,0)
0(144,0)
0(180,0)
0(216,0)
0(252,0)
0(288,0)
0(324,0)
0(360,0)
0(396,0)
0(432,0)
0(468,0)
0(504,0)
0(540,0)
0(576,0)
0(612,0)
0(648,0)
0(684,0)
0(684,36)
0(684,72)
0(684,108)
0(684,144)
0(684,180)
0(684,216)
0(684,252)
0(684,288)
0(684,324)
0(684,360)
0(684,396)
0(684,432)
0(684,468)
0(684,504)
0(684,540)
0(684,576)
0(684,612)
0(684,648)
0(684,684)
0(648,684)
0(612,684)
0(576,684)
0(540,684)
0(504,684)
0(468,684)
0(432,684)
0(396,684)
0(360,684)
0(324,684)
0(288,684)
0(252,684)
0(216,684)
0(180,684)
0(144,684)
0(108,684)
0(72,684)
0(36,684)
0(0,684)
0(0,648)
0(0,612)
0(0,576)
0(0,540)
0(0,504)
0(0,468)
0(0,432)
0(0,396)
0(0,360)
0(0,324)
0(0,288)
0(0,252)
0(0,216)
0(0,180)
0(0,144)
0(0,108)
0(0,72)
0(0,36)
0(108,540)
0(144,540)
0(180,540)
0(216,540)
0(252,540)
0(288,540)
0(324,540)
0(360,540)
0(396,540)
0(432,540)
0(468,540)
0(504,540)
0(540,540)
0(576,540)
0(108,504)
0(108,468)
0(108,432)
0(108,396)
0(108,360)
0(108,324)
0(108,288)
0(108,252)
0(108,216)
0(108,180)
0(108,144)
0(108,108)
0(144,108)
0(180,108)
0(216,108)
0(252,108)
0(288,108)
0(396,108)
0(432,108)
0(468,108)
0(504,108)
0(540,108)
0(576,108)
0(576,144)
0(576,180)
0(576,216)
0(576,252)
0(576,288)
0(576,324)
0(576,360)
0(576,396)
0(576,432)
0(576,468)
0(576,504)
0(216,216)
0(216,252)
0(216,288)
0(216,324)
0(216,360)
0(216,396)
0(216,432)
0(468,432)
0(468,396)
0(468,360)
0(468,324)
0(468,288)
0(468,252)
0(468,216)
0(432,216)
0(396,216)
0(252,216)
0(288,216)
0(288,432)
0(252,432)
0(396,432)
0(432,432)
0(252,324)
0(288,324)
0(396,324)
0(432,324)
0(180,468)
0(180,180)
0(504,180)
0(504,468)
0(36,540)
0(72,468)
0(36,396)
0(612,540)
0(648,468)
0(612,396)
0(612,108)
0(612,216)
0(72,108)
0(72,216)
0(108,576)
0(576,576)
0(252,576)
0(432,576)
3(36,648)
2(144,144)
2(144,180)
2(144,216)
2(180,216)
2(180,252)
2(144,252)
2(144,288)
2(180,288)
2(180,324)
2(144,324)
2(144,360)
2(180,396)
2(180,360)
2(180,432)
2(144,432)
2(144,396)
2(144,468)
2(144,504)
2(180,504)
2(216,504)
2(216,468)
2(252,468)
2(252,504)
2(288,504)
2(288,468)
2(324,468)
2(324,504)
2(360,504)
2(360,468)
2(396,468)
2(396,504)
2(432,504)
2(432,468)
2(468,468)
2(468,504)
2(504,504)
2(540,504)
2(540,468)
2(540,432)
2(504,432)
2(504,396)
2(540,396)
2(504,360)
2(540,360)
2(504,324)
2(540,324)
2(540,288)
2(504,288)
2(504,252)
2(540,252)
2(540,216)
2(504,216)
2(540,180)
2(540,144)
2(504,144)
2(468,144)
2(432,144)
2(396,144)
2(360,144)
2(288,144)
2(252,144)
2(216,144)
2(180,144)
2(324,144)
2(324,108)
2(360,108)
2(324,180)
2(288,180)
2(252,180)
2(216,180)
2(360,180)
2(396,180)
2(432,180)
2(468,180)
2(324,216)
2(360,216)
2(324,252)
2(288,252)
2(252,252)
2(252,288)
2(288,288)
2(324,288)
2(360,288)
2(396,288)
2(432,288)
2(432,252)
2(396,252)
2(360,252)
2(360,324)
2(324,324)
2(288,360)
2(252,360)
2(252,396)
2(288,396)
2(324,396)
2(324,432)
2(360,432)
2(360,396)
2(396,396)
2(432,396)
2(432,360)
2(396,360)
2(360,360)
2(324,360)
2(72,144)
2(72,180)
2(36,432)
2(36,468)
2(36,504)
2(144,576)
2(180,576)
2(216,576)
2(468,576)
2(504,576)
2(540,576)
2(612,504)
2(612,468)
2(612,432)
2(612,180)
2(612,144)
1(36,36)
