L<3>
P<THIRD>
0(0,0)
0(36,0)
0(72,0)
0(108,0)
0(144,0)
0(180,0)
0(216,0)
0(252,0)
0(288,0)
0(324,0)
0(360,0)
0(396,0)
0(432,0)
0(468,0)
0(504,0)
0(540,0)
0(576,0)
0(612,0)
0(684,0)
0(684,36)
0(684,72)
0(684,108)
0(684,144)
0(684,180)
0(684,216)
0(684,252)
0(684,288)
0(684,324)
0(684,360)
0(684,396)
0(684,432)
0(684,468)
0(684,504)
0(684,540)
0(684,576)
0(684,612)
0(684,648)
0(684,684)
0(648,684)
0(612,684)
0(576,684)
0(540,684)
0(504,684)
0(468,684)
0(432,684)
0(396,684)
0(360,684)
0(324,684)
0(288,684)
0(252,684)
0(216,684)
0(180,684)
0(144,684)
0(108,684)
0(72,684)
0(36,684)
0(0,684)
0(0,648)
0(0,612)
0(0,576)
0(0,540)
0(0,504)
0(0,468)
0(0,432)
0(0,396)
0(0,360)
0(0,324)
0(0,288)
0(0,252)
0(0,216)
0(0,180)
0(0,144)
0(0,108)
0(0,72)
0(0,36)
1(36,36)
3(648,0)
2(648,36)
2(612,36)
2(576,36)
2(540,36)
2(504,36)
2(432,36)
2(468,36)
2(396,36)
2(360,36)
2(324,36)
2(288,36)
2(252,36)
2(216,36)
2(180,36)
2(144,36)
2(108,36)
2(72,36)
2(36,72)
2(36,108)
2(36,144)
2(36,180)
2(36,216)
2(36,252)
2(36,288)
2(36,324)
2(36,360)
2(36,396)
2(36,432)
2(36,468)
2(36,504)
2(36,540)
2(36,576)
2(36,648)
2(36,612)
2(72,648)
2(108,648)
2(144,648)
2(180,648)
2(216,648)
2(252,648)
2(288,648)
2(324,648)
2(360,648)
2(396,648)
2(432,648)
2(468,648)
2(504,648)
2(540,648)
2(576,648)
2(612,648)
2(648,648)
2(648,612)
2(648,576)
2(648,540)
2(648,504)
2(648,468)
2(648,432)
2(648,396)
2(648,360)
2(648,324)
2(648,288)
2(648,252)
2(648,216)
2(648,180)
2(648,144)
2(648,108)
2(648,72)
2(612,72)
2(576,72)
2(540,72)
2(504,72)
2(468,72)
2(432,72)
2(396,72)
2(360,72)
2(324,72)
2(288,72)
2(252,72)
2(216,72)
2(180,72)
2(144,72)
2(108,72)
2(72,72)
2(72,108)
2(72,144)
2(72,180)
2(72,216)
2(72,252)
2(72,288)
2(72,324)
2(72,360)
2(72,396)
2(72,432)
2(72,468)
2(72,504)
2(72,540)
2(72,576)
2(72,612)
2(108,612)
2(144,612)
2(180,612)
2(216,612)
2(252,612)
2(288,612)
2(324,612)
2(360,612)
2(396,612)
2(432,612)
2(468,612)
2(504,612)
2(540,612)
2(576,612)
2(612,612)
2(612,576)
2(612,540)
2(612,504)
2(612,468)
2(612,432)
2(612,396)
2(612,360)
2(612,324)
2(612,288)
2(612,252)
2(612,216)
2(612,180)
2(612,144)
2(612,108)
2(576,108)
2(540,108)
2(504,108)
2(468,108)
2(432,108)
2(396,108)
2(360,108)
2(324,108)
2(288,108)
2(252,108)
2(216,108)
2(180,108)
2(144,108)
2(108,108)
2(108,144)
2(108,180)
2(108,216)
2(108,252)
2(108,288)
2(108,324)
2(108,360)
2(108,396)
2(108,432)
2(108,468)
2(108,504)
2(108,540)
2(108,576)
2(144,576)
2(180,576)
2(216,576)
2(252,576)
2(288,576)
2(360,576)
2(324,576)
2(324,540)
2(288,540)
2(252,540)
2(216,540)
2(180,540)
2(144,540)
2(144,504)
2(180,504)
2(216,504)
2(252,504)
2(288,504)
2(324,504)
2(360,504)
2(360,540)
2(396,540)
2(396,576)
2(432,576)
2(468,576)
2(504,576)
2(540,576)
2(576,576)
2(576,540)
2(540,540)
2(504,540)
2(468,540)
2(432,540)
2(396,504)
2(432,504)
2(468,504)
2(504,504)
2(540,504)
2(576,504)
2(576,468)
2(576,432)
2(576,396)
2(576,360)
2(576,324)
2(576,288)
2(576,252)
2(576,216)
2(576,144)
2(576,180)
2(540,144)
2(504,144)
2(468,144)
2(432,144)
2(396,144)
2(360,144)
2(324,144)
2(252,144)
2(216,144)
2(144,144)
2(180,144)
2(288,144)
2(288,180)
2(288,216)
2(288,288)
2(288,324)
2(288,360)
2(288,396)
2(288,468)
2(252,468)
2(216,468)
2(144,468)
2(144,432)
2(144,396)
2(144,360)
2(144,324)
2(144,288)
2(144,252)
2(144,216)
2(144,180)
2(180,180)
2(216,180)
2(252,180)
2(252,216)
2(216,216)
2(180,216)
2(180,252)
2(180,288)
2(180,324)
2(180,360)
2(180,396)
2(180,432)
2(180,468)
2(216,432)
2(252,432)
2(288,432)
2(252,396)
2(216,396)
2(216,360)
2(252,360)
2(252,324)
2(216,324)
2(216,288)
2(252,252)
2(216,252)
2(252,288)
2(324,252)
2(288,252)
2(360,252)
2(396,252)
2(432,252)
2(468,252)
2(504,252)
2(540,252)
2(540,216)
2(504,216)
2(468,216)
2(432,216)
2(396,216)
2(360,216)
2(324,216)
2(324,180)
2(360,180)
2(396,180)
2(432,180)
2(468,180)
2(504,180)
2(540,180)
2(540,288)
2(504,288)
2(468,288)
2(432,288)
2(396,288)
2(360,288)
2(324,288)
2(324,324)
2(324,360)
2(324,396)
2(324,432)
2(324,468)
2(360,468)
2(396,468)
2(432,468)
2(468,468)
2(504,468)
2(540,468)
2(540,432)
2(540,396)
2(540,360)
2(540,324)
2(504,324)
2(468,324)
2(432,324)
2(396,324)
2(360,324)
2(360,360)
2(360,396)
2(360,432)
2(396,432)
2(396,396)
2(396,360)
2(432,360)
2(468,360)
2(504,360)
2(504,396)
2(468,396)
2(432,396)
2(432,432)
2(468,432)
2(504,432)
