L<4>
P<TUNNEL>
0(0,0)
0(36,0)
0(72,0)
0(108,0)
0(144,0)
0(180,0)
0(216,0)
0(252,0)
0(288,0)
0(324,0)
0(360,0)
0(396,0)
0(432,0)
0(468,0)
0(504,0)
0(540,0)
0(576,0)
0(612,0)
0(648,0)
0(684,0)
0(684,36)
0(684,72)
0(684,108)
0(684,144)
0(684,180)
0(684,216)
0(684,252)
0(684,288)
0(684,324)
0(684,360)
0(684,396)
0(684,432)
0(684,468)
0(684,504)
0(684,540)
0(684,576)
0(684,612)
0(684,648)
0(684,684)
0(648,684)
0(612,684)
0(576,684)
0(540,684)
0(504,684)
0(468,684)
0(432,684)
0(396,684)
0(360,684)
0(324,684)
0(288,684)
0(252,684)
0(216,684)
0(180,684)
0(144,684)
0(108,684)
0(72,684)
0(36,684)
0(0,684)
0(0,648)
0(0,612)
0(0,576)
0(0,540)
0(0,504)
0(0,468)
0(0,432)
0(0,396)
0(0,360)
0(0,324)
0(0,288)
0(0,252)
0(0,216)
0(0,180)
0(0,144)
0(0,108)
0(0,72)
0(0,36)
1(36,36)
0(324,36)
0(324,72)
0(324,108)
0(324,144)
0(324,180)
0(324,216)
0(324,252)
0(324,288)
0(324,324)
0(324,360)
0(324,396)
0(324,432)
0(324,468)
0(324,504)
0(324,540)
0(324,576)
0(324,612)
0(324,648)
0(360,648)
0(360,612)
0(360,576)
0(360,540)
0(360,504)
0(360,468)
0(360,432)
0(360,396)
0(360,360)
0(360,324)
0(360,288)
0(360,252)
0(360,216)
0(360,180)
0(360,144)
0(360,108)
0(360,72)
0(360,36)
0(36,324)
0(72,324)
0(108,324)
0(144,324)
0(180,324)
0(216,324)
0(252,324)
0(288,324)
0(396,324)
0(432,324)
0(468,324)
0(504,324)
0(540,324)
0(576,324)
0(612,324)
0(648,324)
0(612,360)
0(576,360)
0(540,360)
0(504,360)
0(468,360)
0(432,360)
0(396,360)
0(648,360)
0(288,360)
0(252,360)
0(216,360)
0(180,360)
0(144,360)
0(108,360)
0(72,360)
0(36,360)
2(108,108)
2(108,144)
2(108,180)
2(144,180)
2(180,180)
2(216,180)
2(216,144)
2(216,108)
2(180,108)
2(144,108)
2(144,144)
2(180,144)
2(468,180)
2(504,180)
2(540,180)
2(576,180)
2(576,144)
2(576,108)
2(504,108)
2(468,108)
2(468,144)
2(504,144)
2(540,144)
2(540,108)
2(576,504)
2(576,540)
2(576,576)
2(540,576)
2(504,576)
2(468,576)
2(468,540)
2(468,504)
2(504,504)
2(540,504)
2(540,540)
2(504,540)
2(216,576)
2(180,576)
2(144,576)
2(108,576)
2(108,540)
2(108,504)
2(144,504)
2(180,504)
2(216,504)
2(216,540)
2(180,540)
2(144,540)
3(36,648)
4(252,252)
4(432,252)
4(612,252)
4(612,432)
4(432,432)
4(252,432)
4(72,432)
4(72,252)
