L<5>
P<WTF>
0(0,0)
0(0,36)
0(0,72)
0(0,108)
0(0,144)
0(0,180)
0(0,216)
0(0,252)
0(0,288)
0(0,324)
0(0,360)
0(0,396)
0(0,432)
0(0,468)
0(0,504)
0(0,540)
0(0,576)
0(0,612)
0(0,648)
0(0,684)
0(36,684)
0(72,684)
0(108,684)
0(144,684)
0(180,684)
0(216,684)
0(252,684)
0(288,684)
0(324,684)
0(360,684)
0(396,684)
0(432,684)
0(468,684)
0(504,684)
0(540,684)
0(576,684)
0(612,684)
0(648,684)
0(684,684)
0(684,612)
0(684,576)
0(684,540)
0(684,504)
0(684,468)
0(684,432)
0(684,396)
0(684,360)
0(684,324)
0(684,288)
0(684,252)
0(684,216)
0(684,180)
0(684,144)
0(684,108)
0(684,72)
0(684,36)
0(684,0)
0(648,0)
0(612,0)
0(576,0)
0(540,0)
0(504,0)
0(468,0)
0(432,0)
0(396,0)
0(360,0)
0(324,0)
0(288,0)
0(252,0)
0(216,0)
0(180,0)
0(144,0)
0(108,0)
0(72,0)
0(36,0)
1(36,36)
3(684,648)
0(36,360)
0(72,360)
0(108,360)
0(144,360)
0(180,360)
0(216,360)
0(252,360)
0(288,360)
0(324,360)
0(360,360)
0(396,360)
0(432,360)
0(468,360)
0(504,360)
0(540,360)
0(576,360)
0(612,360)
0(360,432)
0(360,468)
0(360,504)
0(360,540)
0(360,576)
0(360,612)
0(360,288)
0(360,252)
0(360,216)
0(360,180)
0(360,144)
0(360,108)
0(360,72)
0(216,540)
0(180,540)
0(144,540)
0(144,504)
0(180,504)
0(216,504)
2(216,288)
2(180,288)
2(144,288)
2(108,288)
2(72,288)
2(72,252)
2(72,216)
2(72,144)
2(72,108)
2(72,72)
2(72,180)
2(108,72)
2(144,72)
2(180,72)
2(216,72)
2(216,108)
2(216,144)
2(216,180)
2(216,216)
2(216,252)
2(180,252)
2(144,252)
2(108,252)
2(144,216)
2(180,180)
2(144,180)
2(108,180)
2(144,144)
2(144,108)
2(108,108)
2(180,108)
2(504,72)
2(504,108)
2(504,144)
2(504,180)
2(504,216)
2(504,252)
2(504,288)
2(540,288)
2(576,288)
2(612,288)
2(612,252)
2(612,216)
2(612,180)
2(612,144)
2(612,108)
2(612,72)
2(576,72)
2(540,72)
2(540,108)
2(540,144)
2(540,180)
2(540,216)
2(540,252)
2(576,252)
2(576,216)
2(576,180)
2(576,144)
2(576,108)
2(576,432)
2(540,432)
2(504,432)
2(468,432)
2(432,468)
2(432,504)
2(432,540)
2(432,576)
2(468,612)
2(504,612)
2(540,612)
2(576,612)
2(612,576)
2(612,540)
2(612,504)
2(612,468)
2(576,468)
2(468,468)
2(468,576)
2(576,576)
2(252,504)
2(252,540)
2(252,576)
2(216,576)
2(180,576)
2(144,576)
2(108,576)
2(108,540)
2(108,504)
2(108,468)
2(144,468)
2(180,468)
2(216,468)
2(252,468)
2(72,432)
2(36,396)
2(36,648)
2(72,612)
2(288,612)
2(324,648)
2(324,396)
2(288,432)
2(180,432)
2(180,396)
2(180,612)
2(180,648)
2(72,504)
2(72,540)
2(36,504)
2(36,540)
2(288,540)
2(288,504)
2(324,504)
2(324,540)
2(252,288)
2(252,72)
2(36,72)
2(36,288)
2(468,324)
2(648,324)
2(648,36)
2(468,36)
2(432,288)
2(396,252)
2(432,72)
2(396,108)
2(396,216)
2(396,180)
2(396,144)
2(540,396)
2(504,396)
2(504,648)
2(540,648)
2(648,540)
2(648,504)
2(396,504)
2(396,540)
4(288,180)
4(432,180)
