L<6>
P<SIXTHH>
0(0,0)
0(0,36)
0(0,72)
0(0,108)
0(0,144)
0(0,180)
0(0,216)
0(0,252)
0(0,288)
0(0,324)
0(0,360)
0(0,396)
0(0,432)
0(0,468)
0(0,504)
0(0,540)
0(0,576)
0(0,612)
0(0,648)
0(0,684)
0(36,684)
0(72,684)
0(108,684)
0(144,684)
0(180,684)
0(216,684)
0(252,684)
0(288,684)
0(324,684)
0(360,684)
0(396,684)
0(432,684)
0(468,684)
0(504,684)
0(540,684)
0(576,684)
0(612,684)
0(648,684)
0(684,684)
0(684,648)
0(684,612)
0(684,576)
0(684,540)
0(684,504)
0(684,468)
0(684,432)
0(684,396)
0(684,360)
0(684,324)
0(684,288)
0(684,252)
0(684,216)
0(684,180)
0(684,144)
0(684,108)
0(684,72)
0(684,36)
0(684,0)
0(648,0)
0(612,0)
0(576,0)
0(540,0)
0(504,0)
0(468,0)
0(432,0)
0(396,0)
0(360,0)
0(324,0)
0(288,0)
0(252,0)
0(216,0)
0(180,0)
0(144,0)
0(108,0)
0(72,0)
0(36,0)
1(36,36)
0(36,72)
0(72,72)
0(72,108)
0(144,108)
0(144,72)
0(216,108)
0(216,72)
0(216,36)
0(72,144)
0(36,144)
0(36,108)
0(108,180)
0(72,180)
0(36,180)
0(144,180)
0(180,180)
0(216,180)
0(252,180)
0(288,180)
0(288,144)
0(288,108)
0(288,72)
0(360,72)
0(360,108)
0(360,144)
0(432,144)
0(432,108)
0(432,72)
0(504,72)
0(504,108)
0(504,144)
0(468,216)
0(432,216)
0(396,216)
0(396,288)
0(432,288)
0(468,288)
0(576,252)
0(576,216)
0(576,180)
0(576,360)
0(540,360)
0(612,360)
0(612,108)
0(612,72)
0(648,72)
0(648,108)
0(648,36)
0(612,36)
0(540,72)
0(324,252)
0(288,252)
0(252,252)
0(180,216)
0(180,252)
0(180,288)
0(180,324)
0(216,324)
0(252,324)
0(108,288)
0(72,288)
0(72,252)
0(108,252)
0(108,360)
0(72,360)
0(180,360)
0(180,396)
0(180,432)
0(252,432)
0(288,432)
0(324,432)
0(324,396)
0(324,360)
0(324,324)
0(396,360)
0(396,396)
0(396,432)
0(504,396)
0(468,396)
0(540,396)
0(540,468)
0(540,504)
0(540,540)
0(468,504)
0(432,504)
0(396,504)
0(612,504)
0(648,468)
0(648,504)
0(612,468)
0(612,612)
0(612,576)
0(540,648)
0(504,648)
0(504,576)
0(468,576)
0(432,576)
0(540,576)
0(360,576)
0(360,612)
0(324,612)
0(288,612)
0(288,576)
0(216,504)
0(216,540)
0(216,576)
0(180,540)
0(144,540)
0(108,540)
0(108,468)
0(108,432)
0(72,432)
0(72,468)
0(108,612)
0(144,612)
0(144,648)
0(108,648)
0(216,648)
0(180,648)
2(72,612)
2(36,648)
2(72,648)
2(36,612)
2(36,576)
2(72,576)
2(36,540)
2(72,540)
3(324,576)
2(144,576)
2(180,612)
2(252,612)
2(288,648)
2(360,648)
2(432,648)
2(396,612)
2(468,612)
2(540,612)
2(576,648)
2(648,648)
2(648,576)
2(612,540)
2(576,576)
2(576,504)
2(576,432)
2(648,432)
2(612,396)
2(504,432)
2(468,468)
2(504,504)
2(468,540)
2(396,540)
2(396,468)
2(360,504)
2(324,540)
2(324,468)
2(288,504)
2(252,540)
2(252,468)
2(180,468)
2(144,504)
2(144,432)
2(108,396)
2(36,396)
2(36,468)
2(72,504)
2(36,504)
2(36,432)
2(72,396)
2(144,396)
2(144,468)
2(108,504)
2(180,504)
2(180,576)
2(108,576)
2(216,612)
2(36,324)
2(108,324)
2(144,288)
2(144,216)
2(72,216)
2(36,252)
2(216,432)
2(252,396)
2(216,360)
2(288,360)
2(288,288)
2(216,288)
2(216,216)
2(288,216)
2(360,216)
2(360,288)
2(360,360)
2(360,432)
2(432,432)
2(432,360)
2(504,360)
2(468,324)
2(396,324)
2(396,252)
2(468,252)
2(504,288)
2(540,324)
2(540,252)
2(504,216)
2(540,180)
2(468,180)
2(396,180)
2(324,180)
2(324,108)
2(324,36)
2(396,36)
2(396,108)
2(468,108)
2(468,36)
2(540,36)
2(576,72)
2(540,108)
2(576,144)
2(648,144)
2(612,180)
2(648,216)
2(612,252)
2(648,288)
2(612,324)
2(576,288)
2(648,360)
2(252,36)
2(252,108)
2(216,144)
2(144,144)
2(108,108)
2(108,36)
2(180,108)
2(180,36)
