L<7>
P<SEVENTH>
0(0,0)
0(0,36)
0(0,72)
0(0,108)
0(0,144)
0(0,180)
0(0,216)
0(0,252)
0(0,288)
0(0,324)
0(0,360)
0(0,396)
0(0,432)
0(0,468)
0(0,504)
0(0,540)
0(0,576)
0(0,612)
0(0,684)
0(36,684)
0(72,684)
0(108,684)
0(144,684)
0(180,684)
0(216,684)
0(252,684)
0(288,684)
0(324,684)
0(360,684)
0(396,684)
0(432,684)
0(468,684)
0(504,684)
0(540,684)
0(576,684)
0(612,684)
0(648,684)
0(684,684)
0(684,648)
0(684,612)
0(684,576)
0(684,540)
0(684,504)
0(684,468)
0(684,432)
0(684,396)
0(684,360)
0(684,324)
0(684,288)
0(684,252)
0(684,216)
0(684,180)
0(684,144)
0(684,108)
0(684,72)
0(684,36)
0(684,0)
0(648,0)
0(612,0)
0(576,0)
0(540,0)
0(504,0)
0(468,0)
0(432,0)
0(396,0)
0(360,0)
0(324,0)
0(288,0)
0(252,0)
0(216,0)
0(180,0)
0(144,0)
0(108,0)
0(72,0)
0(36,0)
0(72,72)
0(72,108)
0(72,144)
0(108,72)
0(144,72)
0(180,72)
0(216,72)
0(216,108)
0(216,144)
0(216,180)
0(216,216)
0(180,216)
0(108,216)
0(72,216)
0(72,180)
0(612,216)
0(612,180)
0(612,144)
0(612,108)
0(612,72)
0(576,72)
0(504,72)
0(468,72)
0(468,108)
0(468,144)
0(468,180)
0(468,216)
0(504,216)
0(576,216)
0(612,612)
0(576,612)
0(504,612)
0(468,612)
0(468,576)
0(468,540)
0(468,504)
0(468,468)
0(612,468)
0(612,504)
0(612,540)
0(612,576)
0(576,468)
0(504,468)
0(216,468)
0(216,504)
0(216,540)
0(216,576)
0(216,612)
0(180,612)
0(108,612)
0(72,612)
0(72,576)
0(72,540)
0(72,504)
0(72,468)
0(108,468)
0(180,468)
0(252,396)
0(252,288)
0(288,288)
0(396,288)
0(432,288)
0(432,396)
0(396,396)
0(288,396)
1(36,648)
0(288,612)
0(324,612)
0(360,612)
0(396,612)
0(396,540)
0(360,540)
0(324,540)
0(288,540)
0(288,468)
0(324,468)
0(360,468)
0(396,468)
0(396,216)
0(360,216)
0(324,216)
0(288,216)
0(288,144)
0(324,144)
0(360,144)
0(396,144)
0(396,72)
0(360,72)
0(324,72)
0(288,72)
0(504,396)
0(504,360)
0(504,324)
0(504,288)
0(576,288)
0(576,324)
0(576,360)
0(576,396)
0(180,288)
0(180,324)
0(180,360)
0(180,396)
0(108,396)
0(108,360)
0(108,324)
0(108,288)
3(0,648)
0(72,396)
0(72,360)
0(72,324)
0(72,288)
0(612,288)
0(612,324)
0(612,360)
0(612,396)
5(108,576)
5(108,540)
5(108,504)
5(180,504)
5(180,540)
5(180,576)
5(504,576)
5(504,540)
5(504,504)
5(576,504)
5(576,540)
5(576,576)
5(252,324)
5(252,360)
5(288,360)
5(288,324)
5(324,324)
5(432,324)
5(432,360)
5(396,360)
5(396,324)
5(360,360)
2(324,360)
2(360,324)
2(288,180)
2(324,180)
2(360,180)
2(396,180)
2(396,108)
2(360,108)
2(324,108)
2(288,108)
2(540,180)
2(540,144)
2(540,108)
2(504,108)
2(504,144)
2(504,180)
2(576,180)
2(576,144)
2(576,108)
2(144,288)
2(144,324)
2(144,360)
2(144,396)
2(540,360)
2(540,324)
2(540,288)
2(540,396)
2(144,144)
2(108,144)
2(108,108)
2(144,108)
2(180,108)
2(180,144)
2(288,504)
2(324,504)
2(360,504)
2(396,504)
2(396,576)
2(360,576)
2(324,576)
2(288,576)
