L<8>
P<8>
0(0,0)
0(0,36)
0(0,72)
0(0,108)
0(0,144)
0(0,180)
0(0,216)
0(0,252)
0(0,288)
0(0,324)
0(0,360)
0(0,396)
0(0,432)
0(0,468)
0(0,504)
0(0,540)
0(0,576)
0(0,612)
0(0,648)
0(0,684)
0(36,0)
0(36,684)
0(72,0)
0(72,684)
0(108,0)
0(108,684)
0(144,0)
0(144,684)
0(180,0)
0(180,684)
0(216,0)
0(216,684)
0(252,0)
0(252,684)
0(288,0)
0(288,684)
0(324,0)
0(324,684)
0(360,0)
0(360,684)
0(396,0)
0(396,684)
0(432,0)
0(432,684)
0(468,0)
0(468,684)
0(504,0)
0(504,684)
0(540,0)
0(540,684)
0(576,0)
0(576,684)
0(612,0)
0(612,684)
0(648,0)
0(648,684)
0(684,0)
0(684,72)
0(684,108)
0(684,144)
0(684,180)
0(684,216)
0(684,252)
0(684,288)
0(684,324)
0(684,360)
0(684,396)
0(684,432)
0(684,468)
0(684,504)
0(684,540)
0(684,576)
0(684,612)
0(684,648)
0(684,684)
1(36,36)
0(72,180)
0(72,144)
0(72,108)
0(72,72)
0(108,72)
0(144,72)
0(180,72)
0(216,72)
0(252,72)
0(288,72)
0(324,72)
0(360,72)
0(396,72)
0(432,72)
0(468,72)
0(504,72)
0(540,72)
0(576,72)
0(612,72)
0(612,108)
0(612,144)
0(612,180)
0(612,252)
0(612,288)
0(612,324)
0(612,360)
0(576,360)
0(540,360)
0(504,360)
0(468,360)
0(432,360)
0(396,360)
0(360,360)
0(324,360)
0(288,360)
0(252,360)
0(216,360)
0(180,360)
0(144,360)
0(108,360)
0(72,360)
0(72,324)
0(72,288)
0(72,252)
0(72,396)
0(72,432)
0(72,468)
0(72,540)
0(108,540)
0(144,540)
0(180,540)
0(216,540)
0(252,540)
0(288,540)
0(324,540)
0(360,540)
0(396,540)
0(432,540)
0(468,540)
0(504,540)
0(540,540)
0(576,540)
0(612,540)
0(612,504)
0(612,468)
0(612,432)
0(216,108)
0(216,144)
0(216,180)
0(216,252)
0(216,288)
0(216,324)
0(468,324)
0(468,288)
0(468,252)
0(468,180)
0(468,144)
0(468,108)
0(288,144)
0(396,144)
0(360,144)
0(324,144)
0(288,288)
0(324,288)
0(360,288)
0(396,288)
0(180,468)
0(180,432)
0(180,396)
0(504,432)
0(504,468)
0(504,504)
0(324,468)
0(324,432)
0(360,432)
0(360,468)
0(72,576)
0(72,612)
0(612,648)
0(612,612)
0(216,612)
0(216,648)
0(468,576)
0(468,612)
0(324,612)
0(360,612)
3(684,36)
5(108,252)
5(144,252)
5(180,252)
5(180,288)
5(180,324)
5(144,324)
5(108,324)
5(108,288)
5(144,288)
2(108,180)
2(108,144)
2(108,108)
2(144,108)
2(180,108)
2(180,144)
2(180,180)
2(144,180)
2(144,144)
2(504,180)
2(504,144)
2(504,108)
2(540,108)
2(540,144)
2(540,180)
2(576,180)
2(576,144)
2(576,108)
5(576,252)
5(576,288)
5(576,324)
5(540,324)
5(504,324)
5(504,288)
5(504,252)
5(540,252)
5(540,288)
5(252,180)
5(288,180)
5(324,180)
5(360,180)
5(396,180)
5(432,180)
5(432,144)
5(432,108)
5(396,108)
5(360,108)
5(324,108)
5(288,108)
5(252,108)
5(252,144)
2(252,252)
2(252,288)
2(252,324)
2(288,324)
2(324,324)
2(360,324)
2(396,324)
2(432,324)
2(432,288)
2(432,252)
2(396,252)
2(360,252)
2(324,252)
2(288,252)
2(108,432)
2(144,432)
2(540,468)
2(576,468)
5(216,432)
5(216,468)
5(252,468)
5(288,468)
5(288,432)
5(252,432)
5(396,432)
5(396,468)
5(432,468)
5(468,468)
5(432,432)
5(468,432)
5(324,576)
5(360,576)
5(360,648)
5(324,648)
2(288,612)
2(252,612)
2(396,612)
2(432,612)
2(504,612)
2(540,612)
2(576,612)
5(180,612)
5(144,612)
5(108,612)
