L<9>
P<9>
0(0,0)
0(0,36)
0(0,72)
0(0,108)
0(0,144)
0(0,180)
0(0,216)
0(0,252)
0(0,288)
0(0,324)
0(0,360)
0(0,396)
0(0,432)
0(0,468)
0(0,504)
0(0,540)
0(0,576)
0(0,612)
0(0,648)
0(0,684)
0(36,0)
0(36,684)
0(72,0)
0(72,684)
0(108,0)
0(108,684)
0(144,0)
0(144,684)
0(180,0)
0(180,684)
0(216,0)
0(216,684)
0(252,0)
0(252,684)
0(288,0)
0(288,684)
0(324,0)
0(324,684)
0(360,0)
0(360,684)
0(396,0)
0(396,684)
0(432,0)
0(432,684)
0(468,0)
0(468,684)
0(504,0)
0(504,684)
0(540,0)
0(540,684)
0(576,0)
0(576,684)
0(612,0)
0(612,684)
0(648,0)
0(648,684)
0(684,0)
0(684,36)
0(684,72)
0(684,108)
0(684,144)
0(684,180)
0(684,216)
0(684,252)
0(684,288)
0(684,324)
0(684,360)
0(684,396)
0(684,432)
0(684,468)
0(684,504)
0(684,540)
0(684,576)
0(684,612)
0(684,684)
0(72,72)
0(108,72)
0(144,72)
0(180,72)
0(216,72)
0(252,72)
0(288,72)
0(396,72)
0(432,72)
0(468,72)
0(504,72)
0(540,72)
0(576,72)
0(612,72)
0(72,108)
0(72,144)
0(72,180)
0(72,216)
0(72,252)
0(72,288)
0(72,324)
0(72,360)
0(72,396)
0(72,432)
0(72,468)
0(72,504)
0(72,540)
0(72,576)
0(72,612)
0(108,612)
0(144,612)
0(180,612)
0(216,612)
0(252,612)
0(288,612)
0(324,612)
0(360,612)
0(396,612)
0(432,612)
0(468,612)
0(504,612)
0(540,612)
0(576,612)
0(612,612)
0(612,108)
0(612,144)
0(612,180)
0(612,216)
0(612,252)
0(612,288)
0(612,324)
0(612,360)
0(612,396)
0(612,432)
0(612,468)
0(612,504)
0(612,540)
0(612,576)
0(144,144)
0(144,180)
0(144,216)
0(144,252)
0(144,288)
0(144,324)
0(144,360)
0(144,396)
0(144,432)
0(144,468)
0(144,504)
0(144,540)
0(180,540)
0(216,540)
0(252,540)
0(288,540)
0(396,540)
0(432,540)
0(468,540)
0(504,540)
0(540,540)
0(540,144)
0(540,180)
0(540,216)
0(540,252)
0(540,288)
0(540,324)
0(540,360)
0(540,396)
0(540,432)
0(540,468)
0(540,504)
0(180,144)
0(216,144)
0(252,144)
0(288,144)
0(324,144)
0(360,144)
0(396,144)
0(432,144)
0(468,144)
0(504,144)
0(216,216)
0(216,252)
0(216,288)
0(216,324)
0(216,360)
0(216,396)
0(216,432)
0(216,468)
0(252,216)
0(288,216)
0(324,216)
0(360,216)
0(396,216)
0(432,216)
0(468,216)
0(468,252)
0(468,288)
0(468,324)
0(468,360)
0(468,396)
0(468,432)
0(468,468)
0(252,468)
0(288,468)
0(396,468)
0(432,468)
0(288,288)
0(288,324)
0(288,360)
0(288,396)
0(324,288)
0(360,288)
0(396,288)
0(396,324)
0(396,360)
0(396,396)
3(684,648)
1(324,324)
5(252,432)
5(288,432)
5(396,432)
5(432,432)
5(432,252)
5(432,288)
5(432,324)
5(432,360)
5(432,396)
5(252,252)
5(288,252)
5(324,252)
5(360,252)
5(396,252)
5(252,288)
5(252,324)
5(252,360)
5(252,396)
5(108,576)
5(144,576)
5(180,576)
5(216,576)
5(252,576)
5(288,576)
5(108,324)
5(108,360)
5(108,396)
5(108,432)
5(108,468)
5(108,504)
5(108,540)
5(108,108)
5(108,144)
5(108,180)
5(108,216)
5(108,252)
5(108,288)
5(144,108)
5(180,108)
5(216,108)
5(252,108)
5(288,108)
5(324,108)
5(360,108)
5(396,108)
5(432,108)
5(468,108)
5(504,108)
5(540,108)
5(576,108)
5(576,144)
5(576,180)
5(576,216)
5(576,252)
5(576,288)
5(576,324)
5(576,360)
5(576,396)
5(576,432)
5(576,468)
5(576,504)
5(576,540)
5(576,576)
5(396,576)
5(432,576)
5(468,576)
5(504,576)
5(540,576)
2(36,36)
2(36,72)
2(36,108)
2(36,144)
2(36,180)
2(36,216)
2(36,252)
2(36,288)
2(36,324)
2(36,360)
2(36,396)
2(36,432)
2(36,468)
2(36,504)
2(36,540)
2(36,576)
2(36,612)
2(36,648)
2(72,648)
2(108,648)
2(612,648)
2(648,648)
2(576,648)
2(648,36)
2(648,72)
2(648,108)
2(648,144)
2(648,180)
2(648,216)
2(648,252)
2(648,288)
2(648,324)
2(648,360)
2(648,396)
2(648,432)
2(648,468)
2(648,504)
2(648,540)
2(648,576)
2(648,612)
2(72,36)
2(108,36)
2(144,36)
2(180,36)
2(216,36)
2(252,36)
2(288,36)
2(324,36)
2(360,36)
2(396,36)
2(432,36)
2(468,36)
2(504,36)
2(540,36)
2(576,36)
2(612,36)
2(180,504)
2(216,504)
2(252,504)
2(288,504)
2(180,180)
2(180,216)
2(180,252)
2(180,288)
2(180,324)
2(180,360)
2(180,396)
2(180,432)
2(180,468)
2(216,180)
2(252,180)
2(288,180)
2(324,180)
2(360,180)
2(396,180)
2(432,180)
2(468,180)
2(504,180)
2(504,216)
2(504,252)
2(504,288)
2(504,324)
2(504,360)
2(504,396)
2(504,432)
2(504,468)
2(504,504)
2(396,504)
2(432,504)
2(468,504)
